2000 2000
2100 1804
1433 1223
9738 1333
1215 1018
6405 1754
2376 3
1187 1021
8410 649
3444 1873
510 380
260 963
3649 820
5193 505
9829 825
8692 63
5300 935
4531 924
5272 449
2853 1517
1656 1216
5842 1989
393 1970
2584 701
7578 979
1340 726
4418 1001
8561 1758
8833 1243
2377 249
936 395
8667 670
9962 1824
8615 69
830 353
4257 1364
1978 1565
200 122
3410 1484
5912 1647
6582 527
6822 1381
1411 1616
82 1530
5963 900
2788 607
6253 801
8597 961
3775 304
1032 1925
4422 1236
222 639
1774 1814
1981 1456
4145 1943
3738 816
8162 25
2793 1676
3128 1257
4302 1000
7689 77
8052 1507
7320 1310
5916 1335
494 1987
6188 1221
5575 883
9608 1653
4888 1601
6153 372
8158 128
9190 1610
774 116
4608 542
1535 1043
8751 828
1703 628
6201 1630
9982 1647
5317 1033
8133 1790
5807 176
271 599
4164 1613
4990 351
5624 1012
7466 1255
5601 1351
5218 1163
4657 626
5556 463
8999 962
5441 1830
7838 1461
8351 1105
6075 1978
4318 49
4393 560
8199 249
4834 1570
8872 1345
4178 111
6524 851
6911 660
5450 1731
4093 1967
7863 1062
7438 79
9630 758
8606 1221
1362 1566
8249 1014
1743 1492
2611 628
3401 298
2984 1370
734 1105
3754 901
4133 961
7165 1732
2906 1432
6880 1473
4655 740
3343 1498
7815 1826
2200 1515
3861 1327
2950 1195
5088 518
256 1464
8032 1669
6729 665
7460 1410
8096 1780
1593 1104
356 1050
2876 142
7427 582
4526 286
6353 45
279 149
4587 533
4191 1208
384 100
7432 316
8571 1804
3959 1577
7300 13
5289 1505
1046 1819
792 924
2802 1469
1582 1283
9281 1084
2563 1102
391 1925
8138 685
4719 1545
8535 1639
9398 1793
967 647
5038 913
2423 574
7784 425
496 205
5657 672
6820 677
3758 150
197 461
9298 1751
9652 672
2803 1302
8019 1154
6929 1773
8162 1220
4819 897
9858 914
7515 147
5338 1744
1333 306
2996 845
9444 1723
1606 316
4381 477
1055 761
1691 1468
7240 1846
9527 261
2563 401
673 1531
7970 333
5452 209
4328 569
8070 1177
9787 833
5658 1472
2984 11
6098 1600
8959 883
8832 850
5111 1355
1753 1801
5103 1474
3919 1023
3413 1167
1265 1488
1548 326
950 106
7784 970
7425 1117
8040 59
9512 1034
7896 1675
6186 1202
8153 1840
202 1239
1979 1256
8797 1599
5241 1015
5226 733
3864 1361
9970 1337
5768 450
9036 179
3865 1988
179 1027
6743 30
4313 607
6432 708
510 495
6194 1766
9033 1833
4746 307
3413 1716
204 1535
110 1775
4138 1036
3987 379
651 1659
6164 1396
1826 586
9803 1663
7298 1339
33 1381
951 1387
3844 1414
6662 1691
1982 822
324 707
3089 779
6760 475
3451 421
4692 1040
3029 411
3436 594
2200 925
9123 1461
8144 1769
5257 1443
6836 1243
4441 32
3561 1614
9159 723
229 1606
6864 1871
2303 1434
3088 1331
5916 1611
9133 1212
506 760
7678 492
4121 1820
2601 1343
9328 968
727 1752
2502 1209
753 442
581 1906
2008 1133
7690 446
7744 1792
8878 417
3278 232
9063 825
6460 1707
2923 1108
2683 723
2426 503
4616 60
5057 803
1022 808
6637 429
6670 515
5172 289
7440 1484
5058 1898
6649 624
6731 1429
9156 685
6689 289
3415 57
4582 150
9735 526
3796 780
9389 1788
9049 1083
3952 898
9856 1192
3226 1102
8945 502
3740 1664
4891 1115
1361 1237
7167 1492
2804 586
3449 826
7955 421
5345 713
2932 1050
2774 1450
3720 606
691 104
7981 1476
1764 1949
9215 940
1445 894
3258 151
8749 1531
8529 1124
8188 686
2176 1729
790 1646
7887 1368
3910 1216
697 859
2201 1476
8525 1109
230 1932
3290 1609
4974 1804
5541 1712
5999 1530
6652 1787
2704 430
1010 1262
696 144
9478 327
4571 526
334 634
4268 962
2726 1295
1658 481
6337 821
3125 468
255 1462
7797 86
7235 1472
9638 1838
5084 1475
486 170
6706 1977
9806 806
3078 34
3664 1424
8947 742
8884 1836
266 457
889 656
8541 1808
7721 280
8528 1612
4301 1509
3459 1072
9658 567
3979 1267
4458 1993
1826 1868
3015 1136
2539 1055
2774 1463
1761 447
804 1203
475 60
5182 330
4580 1462
5170 8
4880 274
5147 1569
7287 646
6603 762
1761 1893
2985 237
3815 1818
1212 1085
4950 106
7289 1194
9595 693
2120 1695
8640 673
1856 1910
5399 323
1313 472
8085 1079
4856 642
2566 154
7393 1225
5646 1330
3372 1836
278 1561
1138 1471
8084 439
1433 234
9249 672
4609 1125
4043 1269
500 1831
9133 659
2218 157
6226 1672
3485 995
2746 1043
8518 958
5415 587
9419 729
753 1321
614 1772
1678 1835
1590 1662
9377 925
4905 1675
487 587
4660 511
7544 1215
9247 1774
2649 97
1225 270
8850 1548
8613 1696
4184 83
9158 1186
5718 1983
7474 821
8193 1540
6232 32
4851 1323
5461 721
840 1045
9101 1947
3138 118
5565 1787
491 1520
8363 683
2894 767
9510 657
8609 1678
8045 1987
4678 577
4214 1583
9163 154
2844 1723
3339 1538
1518 1009
2617 793
762 1279
4944 986
7502 242
7346 312
6618 843
3985 1212
2030 229
4496 511
466 992
4782 1313
1441 1106
1222 725
8236 781
6452 1933
3660 999
1144 74
9226 429
7667 1255
7631 381
2295 1124
4469 36
2310 1794
4329 775
2144 542
3980 705
2607 849
8462 4
4021 339
8306 437
3676 91
1537 682
4925 1959
739 704
1152 1740
3591 291
6142 1127
6528 912
5683 685
7591 1741
3770 368
7737 1690
1954 650
4377 524
2674 1402
9563 797
8827 589
5172 902
4968 1765
5938 998
5463 575
6200 627
2339 409
7223 105
343 717
5848 666
4938 594
6935 533
6470 916
5792 142
2716 1929
7066 1197
2680 311
181 1904
7898 260
6198 1546
115 684
1498 887
891 82
320 1271
6578 539
5615 196
2380 1500
2081 354
2048 266
7740 1176
6533 1477
4676 41
3313 919
5618 1388
6321 755
7181 73
4656 326
776 1771
9066 1251
6332 704
8415 1943
1251 1806
5352 1007
9954 1464
1154 653
527 968
8454 1275
8731 1576
2884 1560
8540 942
8199 55
6306 491
1996 1647
5766 32
9952 614
8424 1061
5584 1641
1312 279
2965 1139
5010 707
1482 645
2425 1936
9026 443
5921 1121
4628 1112
3564 916
4012 924
2642 92
9725 1995
2740 1383
4182 1136
4840 1740
4115 1707
9654 482
3014 821
119 52
9893 1154
5200 1470
7090 1503
6066 702
9120 1705
9779 1726
5598 780
3736 1389
183 1945
7494 1937
8091 45
6642 166
8962 352
5205 956
2176 199
9065 354
3200 1392
8849 699
8182 883
7248 1203
3480 727
8480 410
3052 608
4966 367
1032 171
7233 1740
2262 1699
1591 1769
4509 1224
1446 1702
8592 92
2753 951
7238 732
3573 333
9351 276
1425 11
41 650
356 832
7404 1109
6234 184
9832 1091
2862 1171
2521 1312
4145 503
4497 79
3744 1993
2614 866
3550 1248
1136 1999
9049 1803
4558 1305
5678 1336
8763 486
6614 427
9000 191
9794 489
77 869
2055 1613
4992 317
2426 1597
5250 907
6561 627
7374 1695
585 562
3546 410
271 1453
7585 765
2232 1850
4843 1963
1401 379
7496 1855
5433 1327
4214 672
3025 1906
2164 1437
5316 1415
1920 1205
3700 975
5940 1889
6347 1164
5889 1646
8677 468
1737 318
7191 1059
9754 390
5154 1975
925 850
6295 780
5023 448
6264 525
8458 1132
4829 370
3508 394
5963 1540
6361 920
7104 1053
6819 1776
570 1146
4216 663
4766 1078
2761 750
9155 1453
5208 933
9274 78
1433 775
6458 177
4256 1674
2567 3
2916 847
5389 1430
8293 1228
9953 1160
5376 1789
2749 1773
2929 1702
2750 24
3930 744
2002 543
1331 219
467 759
5407 1488
7319 351
1179 1658
4733 1201
7919 1385
8892 195
464 1987
6795 1599
1244 543
1608 1986
8833 355
9039 1927
5905 1674
3404 49
4108 736
2210 1373
1795 1009
4732 292
7249 668
8790 786
6317 1291
2107 923
9212 1955
6440 242
8210 393
2152 416
3833 878
1046 436
5657 290
6674 1086
6973 1106
2512 1178
5908 995
4483 224
8775 51
5516 113
6129 1289
467 1556
4349 723
4240 1918
3232 843
2145 900
7905 1847
4340 882
5569 1328
8657 1239
6018 1345
6477 1606
617 1139
9878 1688
6743 437
8539 791
4653 913
1652 1677
327 413
7217 472
9220 1007
1872 1056
5311 432
3198 168
4419 22
6088 1347
8620 642
3067 91
2679 1813
5813 546
7103 224
3008 544
3615 681
3611 1377
9618 1355
3371 1988
8250 1750
2795 327
7487 940
1982 1236
8101 1453
3151 1283
9976 1859
9169 1142
2203 1051
8222 1234
8839 323
318 1529
3684 1096
4650 1484
898 278
5187 766
5396 1177
6518 1665
7085 1031
449 738
1566 1496
2082 204
5148 601
588 756
4400 1224
3498 1648
8175 110
2820 399
5158 869
5473 199
1872 1572
597 1438
2203 41
3213 1973
2682 1205
5777 156
2480 9
1899 180
9456 50
7541 1577
7228 174
5713 1380
2860 1971
5418 328
874 112
2305 547
7190 255
2834 1359
9007 1571
5617 1232
8875 906
5521 541
5787 1244
3112 847
7741 536
6139 1172
9029 1820
4426 821
6482 423
8510 1837
6336 174
6 1296
3571 773
7682 177
1994 506
692 1973
9484 723
195 1066
1499 587
3578 864
1129 1792
564 1916
5367 145
2625 1638
3575 1436
7689 888
756 1955
155 1341
9786 656
4148 752
838 245
2022 325
173 289
6785 1488
3380 1957
8255 695
3840 1291
4137 1536
9310 118
7630 1797
893 482
2027 1855
2287 21
8453 1430
5389 1047
3327 1580
4651 521
4808 979
7573 1428
9103 1294
6889 348
7746 1309
7604 383
9347 1432
73 982
9512 1470
6230 214
4123 176
7424 428
9232 257
2084 624
11 331
3357 41
8095 657
2059 1404
1830 1549
1000 1924
6059 1852
5823 331
1374 1263
1719 368
4027 170
3669 467
5680 186
680 1593
8205 71
2612 1233
9067 1285
7522 1115
5159 1634
8800 1482
3276 511
2481 376
8698 1468
2330 1282
8060 565
9408 208
2744 643
8913 1141
6965 1638
8472 1556
1748 122
584 20
3482 885
8757 401
2664 1779
1462 1296
4493 266
2065 724
5630 1261
5064 1280
5668 1821
8261 520
4879 123
7452 578
6854 1845
7644 676
5102 295
9141 670
2358 1010
6107 1573
8413 230
3030 489
1632 1909
2188 1324
6800 206
8186 699
9960 644
7452 1720
1114 1675
9603 599
3653 1080
700 608
4036 1475
8917 32
7245 1006
8763 1850
3209 394
6067 938
1475 516
3675 996
9987 1130
8143 316
8906 221
9267 1572
2522 1868
6111 1849
5060 123
2545 474
2680 157
9364 177
3324 498
1762 147
2201 1599
7990 601
6368 414
1051 953
5742 1425
6540 785
1249 21
9717 1665
5182 1641
1864 1147
3486 605
967 69
6318 1079
4869 981
9620 283
5252 899
1110 1172
1621 715
5371 970
6485 1212
9343 818
7049 897
942 1764
5075 180
2958 513
5984 228
2065 195
9497 1331
6128 305
4344 17
7844 1969
1997 1739
5683 48
2462 470
9660 1079
8018 1950
7775 225
1680 387
8676 300
300 1495
2593 1541
309 1912
9370 1827
8573 540
9768 617
1129 679
9220 1057
7629 926
9828 1401
8636 1756
7710 592
2366 846
3412 771
9989 155
1551 1114
7788 1534
8093 879
4545 38
4280 1414
6624 1120
9759 1383
1272 1679
9819 1918
761 611
2836 1779
1602 1267
443 999
6742 129
2857 238
1872 1433
3488 508
3822 491
2119 1804
9522 1517
6102 1311
4239 498
3849 1484
8554 478
1467 37
8828 318
3195 1848
1790 1642
9160 1353
3547 1526
2578 1717
7025 8
762 241
7939 1441
5959 563
6508 610
8726 809
9389 522
7836 1451
7472 977
8153 539
1574 142
6727 1218
6031 1153
6393 1785
9238 1912
9991 395
9918 243
968 1793
8079 1093
7561 1114
1200 451
2230 1411
6487 1056
8388 1528
5471 1700
4516 1068
9704 295
4154 1184
6034 161
9300 1570
4169 521
9061 87
856 1184
1611 217
3235 708
2406 1021
9680 706
3204 628
118 1547
7009 1069
3390 1681
852 1598
8572 677
5374 444
2580 1034
3271 1603
1450 1186
7395 793
5102 934
9971 700
7886 1902
4831 1537
5359 1561
9025 1341
885 955
6144 1814
4572 1705
7097 887
6464 1926
2609 1952
5915 1596
3925 230
1922 1585
9174 1791
8400 1496
7588 1889
1431 827
7128 1842
5626 1153
6769 73
5380 891
5341 1022
127 1209
2854 54
3356 1675
3293 1499
7118 1311
5030 483
8391 1892
8470 1059
6139 135
1084 786
6485 734
8275 846
6805 1970
7862 1710
4203 1853
610 1083
8776 451
4583 1813
2083 422
1095 1896
6099 68
7481 367
3274 1970
4113 131
6021 595
6400 763
4882 1672
9727 1281
7229 345
3689 340
5996 246
4026 1982
4098 1950
8220 1863
8954 843
3149 1620
7050 1845
4610 997
1094 880
6914 1438
3408 544
113 163
9039 29
292 580
4037 1650
8001 164
5033 1840
5079 689
1265 1124
5524 484
3006 1032
5827 1667
1755 94
1046 1735
8949 703
968 1383
8025 1127
1436 763
1492 1624
2676 816
3646 819
6851 1102
4703 1467
8113 1173
370 1255
7571 1699
8705 105
5828 1402
5061 1604
7944 171
9007 1357
3400 1251
4232 1091
1707 725
746 902
1842 833
7685 175
8964 468
5046 1424
1145 1742
3119 1859
2361 334
6650 1465
4375 1077
675 1312
951 785
5417 1217
6473 1667
3430 952
8692 432
9199 1265
1068 1887
9106 185
2802 1500
7276 127
4261 473
8939 1229
365 644
7664 809
6694 48
5808 1960
5143 1478
189 25
6662 77
9624 261
1607 887
9107 1482
1079 1789
4298 684
6652 842
5443 1731
4808 1378
7128 702
1508 1082
9562 141
6242 1023
1767 1244
2946 1887
64 259
351 1179
415 1295
7648 73
5168 14
7291 726
5965 1048
4761 734
8342 64
3484 1366
5200 740
1873 1680
1612 422
4021 797
8843 680
9366 1673
2626 218
4232 1675
9801 177
4565 1712
1311 577
7821 812
8541 1486
2003 323
3950 651
3301 222
4251 500
9395 1926
8262 1022
6897 1357
2426 1259
1677 1069
9261 1699
6737 1759
1272 1414
4682 1648
4893 1988
5457 1425
6678 1863
6302 380
9769 1837
8494 780
5244 1167
89 1085
550 1523
7274 751
7526 39
9369 1395
8832 470
139 1199
1988 632
6585 1328
4121 396
5175 1738
2277 1191
5260 1270
8359 708
4429 446
1431 180
1347 744
8469 1400
2034 1461
4589 270
6701 1598
6915 1807
3868 486
2128 963
7750 514
6225 698
9212 1776
7078 1989
7554 1043
8685 1860
8381 465
4558 1639
4024 1353
7951 697
4095 886
2345 331
2820 1759
3188 46
5862 375
7331 7
8512 2
2915 24
2378 218
1631 1463
7837 1690
5913 1127
7505 1693
8005 493
2327 505
214 1267
609 301
8550 1509
9090 1799
927 1872
9292 1129
7368 1067
7474 921
1547 978
7376 1167
8153 996
8313 1715
6043 194
7273 920
809 1152
6397 1143
6428 615
6232 1185
1317 895
8454 1528
3789 1690
7380 1273
2698 584
2865 1982
8662 1423
7848 1377
39 1553
6084 289
8076 46
9320 1169
8982 155
2866 1723
1355 401
7978 419
3432 1519
2209 1483
3711 1759
7121 1382
9850 1486
6000 729
3162 548
4808 1269
9231 896
3301 353
4833 1268
9769 1981
8217 1062
8627 1494
5396 1822
3476 1311
7603 487
7004 1345
2618 618
403 17
1204 1203
1631 1454
7597 1320
4566 536
3736 1899
5650 1
7186 1511
9727 321
7306 1437
6196 1243
3457 337
2873 1257
4924 1688
5648 1059
2930 1510
4358 1344
3774 5
377 106
4336 550
7998 502
2815 618
5438 1072
8902 1158
138 1937
4637 1105
8251 1180
957 1899
9063 694
2033 1652
9124 867
2730 79
6821 188
3753 1098
5436 1569
7362 417
9911 1500
3954 993
8896 350
7405 13
7524 1484
9009 1094
1319 323
1528 172
5764 1544
5623 940
8197 522
723 689
4453 812
9997 1886
5907 1601
9356 1108
7619 51
2274 1409
8126 802
4271 1008
7524 1815
3112 403
7803 83
2251 743
7930 1281
4947 193
5222 1354
7880 1427
490 538
2917 636
9874 1958
4626 452
7025 691
3490 1193
2911 1384
2346 880
5399 1298
9733 456
4341 692
1755 1062
5757 1417
6240 508
1074 1023
5956 853
7995 38
4876 1408
2233 1075
8736 1136
5528 55
3878 1030
4060 412
3557 1129
4502 1594
5986 1930
8360 469
9974 365
4781 626
4827 214
9757 265
6346 334
3112 1554
126 34
154 1054
5873 264
5366 1100
2110 304
9811 642
5123 773
8740 1794
4219 163
728 417
7259 734
3677 591
4079 754
2057 1958
4250 1206
8162 113
7325 1212
7093 808
8927 1096
3335 1037
6635 603
8514 1445
8415 606
2155 132
8419 282
7533 152
3802 1431
7442 368
9246 47
6770 1207
2094 1612
9301 996
7344 613
4459 796
6720 1012
175 446
8541 1854
6480 1461
7911 1235
260 1029
8260 1597
3172 150
4528 1246
7259 552
7573 1954
1358 939
3213 1734
9023 1230
7349 911
3707 1666
4076 1148
8766 1755
1785 52
7494 1578
7615 1378
6287 1427
3685 1433
896 1852
9287 366
5383 1098
660 1901
4125 1997
3966 233
5577 496
3404 1024
3669 1636
8712 132
8921 1265
3667 1288
9806 1256
1870 184
138 891
5058 1339
3179 1280
710 136
8168 344
803 498
9458 1876
9374 939
2852 454
8930 1482
5334 227
5939 606
2380 996
7769 1127
6669 198
4393 763
9551 525
954 68
2109 582
6806 1030
9528 1584
4894 922
5364 1505
961 438
9671 634
3052 1466
8022 677
6487 988
6155 987
3535 386
3523 460
3587 1816
8892 1470
1541 1968
2644 1563
2122 909
7969 265
5783 198
4926 703
1309 853
1643 1189
4768 1944
1163 605
9559 239
4251 1355
9787 767
96 26
5699 1472
7567 717
1182 1253
214 1362
3476 947
7808 19
4655 168
6787 123
5256 1780
8950 192
2142 896
2019 207
5533 1215
7171 1146
5277 1329
6528 1217
9228 187
1462 998
7026 268
5165 543
9859 191
6361 701
7873 773
8050 219
2271 702
6965 147
8897 1703
5315 1290
3826 1531
4728 1091
6677 1223
234 1439
306 1714
2714 62
3301 1825
5380 1442
1564 676
8610 28
3187 1327
8544 1168
8899 1154
9221 47
3700 830
3367 333
3303 1043
7507 734
8999 1843
6449 840
731 835
2395 782
7824 1773
5069 1089
9731 1138
8788 1639
1447 492
775 611
9335 285
3960 674
3365 1804
5975 1789
6945 192
5453 1237
432 793
2447 1205
8940 1058
9869 196
5712 683
3620 1147
5217 1907
2720 1856
1032 1491
1826 592
8931 1103
6733 1159
6559 854
7363 1741
9051 1440
8641 1132
286 591
9475 197
5317 1484
9583 890
8705 131
8782 615
9700 1288
8595 1311
9888 1033
9715 987
7615 1265
6145 589
323 928
1929 145
2999 1336
5965 1679
865 1918
6386 1424
7892 1228
2971 418
2013 1961
7145 515
2672 1832
326 1996
1906 85
9213 1293
6310 1672
9149 1747
4842 1145
4465 1483
4804 1991
9615 1996
8301 984
6095 407
2656 1649
662 175
2528 348
6784 152
4641 1625
5169 1666
7140 1036
9001 834
2730 1012
3415 982
7676 1657
9753 1843
6769 1412
7981 533
7014 934
4524 941
3436 773
2979 1380
6259 1887
1456 885
7372 1014
2202 535
5141 545
2932 317
7947 295
3814 366
8398 501
9743 1419
3161 1254
4951 32
5702 441
7204 817
4331 1522
6250 1266
9074 1463
9683 1723
7071 272
2342 979
6150 232
7735 1114
1186 194
6494 907
5389 590
5082 1496
4368 459
7533 361
5143 330
9696 778
1593 719
6347 999
9570 967
7733 135
5250 59
5137 1786
24 1826
2050 370
2522 1058
2300 1452
547 736
1522 1192
9983 943
9804 1224
6097 246
9355 493
2722 67
956 215
2708 531
4246 1155
6038 1874
5917 1542
4002 592
338 146
9363 70
2891 49
2613 1296
3193 112
3092 1743
6352 289
9877 1535
2294 994
9908 1603
3631 1838
9025 243
9760 1964
5977 1274
6357 1629
1396 350
529 852
4061 501
6640 64
720 1087
9397 689
934 285
8668 1535
2223 314
3052 630
7580 890
4759 1369
5300 304
1036 1987
7148 1309
8790 1650
3096 662
4873 419
8889 189
4130 1148
428 267
2198 107
2274 1235
6885 1972
2694 1021
7823 1946
4307 1896
5952 1056
3966 673
854 995
8928 753
4366 562
2097 310
5833 289
2318 629
6761 1188
6954 1461
6328 913
8455 1437
3283 1334
130 383
8750 1975
7240 1875
5938 1529
2400 159
5995 968
6099 434
9125 872
1405 203
8546 506
4153 970
385 476
3939 868
1232 1839
2329 1513
5165 1150
7031 1435
5213 1265
6309 843
756 1566
6137 200
4135 1377
5939 533
7503 1189
95 1545
973 1184
2540 1869
2516 699
8062 122
7218 260
8278 471
877 1200
3954 824
4404 1151
589 1587
1687 1123
7155 204
3474 1976
4989 1451
5008 645
8325 222
8874 679
4453 60
7025 1305
1772 332
6551 1039
5657 1041
3966 1058
3588 1888
6008 1975
6335 1073
6051 1946
4450 1692
9962 1030
260 1549
1894 645
2378 35
8539 6
7952 796
6530 61
2685 820
119 889
1497 177
3394 1878
1708 921
8332 49
2346 1054
8307 1248
8391 1680
3665 1216
8997 246
6459 1692
3881 1247
1127 806
2603 1459
1256 939
6745 861
3427 692
3554 1355
3373 1456
9524 1790
5763 1614
3141 727
5573 943
8423 1061
6300 1408
5391 362
3853 1526
8342 789
180 1404
7041 1640
1899 1287
8497 948
6283 1537
3750 1000
9230 1970
9305 813
4692 61
8967 1634
4447 484
5482 617
3383 91
366 1887
1484 928
8139 735
6804 1230
6139 1724
4035 1359
8461 266
6979 1719
1669 1572
8102 1985
615 1083
4696 1915
913 809
7195 1529
3833 10
6205 625
7332 168
4038 1887
6342 1187
3706 1223
2763 1826
5306 717
9485 415
138 1966
6970 779
5997 1594
282 1264
3419 662
4876 1939
93 243
9140 1689
726 1302
5252 1082
1116 638
7619 1831
3255 218
7195 693
271 50
5563 24
6042 777
2893 1899
3216 170
6479 438
3948 110
9029 513
2423 1550
4714 386
4789 206
9834 1317
8933 886
9032 1654
1716 258
8678 106
7189 540
6261 489
7054 1315
6648 1628
